[app/install/install_source_checksum]
version = 8.0.2.1
modtime = 1585062875.656797000

[app/install/state]
version = 8.0.2.1
modtime = 1589381913.938719000
